Bi        s1        c1
0.01    0.1412    1.0025
0.02    0.1995    1.0050
0.03    0.2440    1.0075
0.04    0.2814    1.0099
0.05    0.3143    1.0124
0.06    0.3438    1.0148
0.07    0.3709    1.0173
0.08    0.3960    1.0197
0.09    0.4195    1.0222
0.10    0.4417    1.0246
0.15    0.5376    1.0365
0.20    0.6170    1.0483
0.25    0.6856    1.0598
0.30    0.7465    1.0712
0.40    0.8516    1.0932
0.50    0.9408    1.1143
0.60    1.0184    1.1345
0.70    1.0873    1.1539
0.80    1.1490    1.1724
0.9     1.2048    1.1902
1.0     1.2558    1.2071
2.0     1.5994    1.3384
3.0     1.7887    1.4191
4.0     1.9081    1.4698
5.0     1.9898    1.5029
6.0     2.0490    1.5253
7.0     2.0937    1.5411
8.0     2.1286    1.5526
9.0     2.1566    1.5611
10.0    2.1795    1.5677
20.0    2.2881    1.5919
30.0    2.3261    1.5973
40.0    2.3455    1.5993
50.0    2.3572    1.6002
100.0   2.3809    1.6015
100000000000000000000000000000.0       2.4050    1.6018