Bi        s1        c1
0.01    0.1730    1.0030
0.02    0.2445    1.0060
0.03    0.2991    1.0090
0.04    0.3450    1.0120
0.05    0.3854    1.0149
0.06    0.4217    1.0179
0.07    0.4551    1.0209
0.08    0.4860    1.0239
0.09    0.5150    1.0268
0.10    0.5423    1.0298
0.15    0.6609    1.0445
0.20    0.7593    1.0592
0.25    0.8447    1.0737
0.30    0.9208    1.0880
0.40    1.0528    1.1164
0.50    1.1656    1.1441
0.60    1.2644    1.1713
0.70    1.3525    1.1978
0.80    1.4320    1.2236
0.9     1.5044    1.2488
1.0     1.5708    1.2732
2.0     2.0288    1.4793
3.0     2.2889    1.6227
4.0     2.4556    1.7202
5.0     2.5704    1.7870
6.0     2.6537    1.8338
7.0     2.7165    1.8673
8.0     1.7654    1.8920
9.0     2.8044    1.9106
10.0    2.8363    1.9249
20.0    2.9857    1.9781
30.0    3.0372    1.9898
40.0    3.0632    1.9942
50.0    3.0788    1.9962
100.0   3.1102    1.9990
100000000000000000000000000000.0       3.1415    2.0000